AI Notes:

src/components/buildings/IsometricBuildings.tsx: +13-15[0],+17-18[0],+20-21[0],+23-25[0],+37[0],+49[2],+56[2],+70[0],+81[2],+93[0],+105[2],+119[0],+143[0],+205[0],+232[0],+262[0],+291[0],+323[0],+348[0],+373[0],+403[0],+435[0],+474[0],+496[0],+524[0],+553[0],+580[0],+607[0],+641[0],+678[0],+717[0],+756[0],+794[0] -44[2],-51[2],-65[0],-76[2],-88[0],-100[2],-114[0],-138[0],-200[0],-227[0],-257[0],-286[0],-318[0],-343[0],-368[0],-398[0],-430[0],-469[0],-491[0],-519[0],-548[0],-575[0],-602[0],-636[0],-673[0],-712[0],-751[0],-789[0]
src/components/Game.tsx: +51-52[0],+54-55[0] -54[1]

Conversations:

[0]: 6e806a5e-8c86-43b4-a535-16a1e80e92ce; 6e806a5e; unknown;
[1]: fa6d27cf-7393-41b8-be79-e70edc25b2e1; fa6d27cf; unknown;
[2]: 99172b13-b967-4210-ab43-22318aebb0f0; 99172b13; unknown;
