AI Notes:

src/app/page.tsx: -9[0],-184[0],-437-453[0]
src/components/buildings/IsometricBuildings.tsx: +15[0],+17-21[0],+23-27[0],+29-32[0],+34-39[0],+41-42[0],+44[0],+51-52[0],+54[0],+57-59[0],+65[0],+996[0] -15[0],-17-21[0],-23-27[0],-29-32[0],-34-38[0],-40-41[0],-43[0],-50[0],-52[0],-55-58[0],-64[0],-866-873[0],-875-903[0],-1033[0],-1061-1062[0]
src/components/Game.tsx: +30-31[0],+183[0],+187[0],+190[0],+199[0],+203[0],+206[0],+215[0],+219[0],+222[0],+231[0],+235[0],+238[0],+247[0],+251[0],+254[0],+1325[0],+1506[0],+1510-1515[0],+1517-1518[0],+1544[0],+1570[0],+1738[0],+1740[0],+1751-1768[0],+1770-1774[0],+1787[0] -181[0],-185[0],-188[0],-197[0],-201[0],-204[0],-213[0],-217[0],-220[0],-229[0],-233[0],-236[0],-245[0],-249[0],-252[0],-1323[0],-1331[0],-1349-1350[1],-1355[1],-1518[0],-1522-1526[0],-1528[0],-1554[0],-1580[0],-1748[0],-1771[0]
src/context/GameContext.tsx: +108[0],+243[0] -108[0],-243[0]
src/lib/simulation.ts: +70[0],+76-78[0],+80[0],+86[0],+97-98[0],+104-107[0],+109-112[0],+114[0],+117[0],+123-125[0],+129-139[0],+141-142[0],+151[0],+161-163[0],+319[0],+994-999[0],+1003-1004[0],+1012-1013[0],+1017[0],+1022-1023[0],+1063[0],+1065[0],+1075-1076[0] -70[0],-76-78[0],-85[0],-96-97[0],-103-105[0],-107[0],-110[0],-116[0],-120-124[0],-133[0],-143[0],-299[0],-974-978[0],-982-983[0],-991[0],-995[0],-1000-1001[0],-1041[0],-1043[0],-1053-1054[0]
src/types/game.ts: +82[0] -82[0]

Conversations:

[0]: 75d9ed77-0682-4809-9e16-60dc0eff2005; 75d9ed77; unknown;
[1]: 99172b13-b967-4210-ab43-22318aebb0f0; 99172b13; unknown;
