AI Notes:

src/components/game/buildingHelpers.ts: +36[0],+38-39[0],+50-52[0],+56[0],+107[0],+166[0],+168-169[0],+172-173[0],+177-178[0] -37[0],-48-49[0],-53[0],-104[0],-164-165[0],-168-169[0],-173-174[0]
src/components/game/CanvasIsometricGrid.tsx: +2621-2623[0],+2625[0],+2631-2644[0],+2654-2665[0],+2667-2668[0],+2670-2675[0],+2679-2690[0],+2692-2699[0],+2701-2703[0],+2707-2709[0],+2711[0],+2715-2717[0],+2719[0],+2736-2738[0],+2762[0],+2796-2798[0],+2800[0],+2807-2809[0],+2820-2823[0],+2826[0] -2621[0],-2623[0],-2629-2640[0],-2650-2653[0],-2658-2659[0],-2661-2662[0],-2664[0],-2666-2669[0],-2673-2676[0],-2681-2682[0],-2684-2687[0],-2691[0],-2693-2695[0],-2699[0],-2701[0],-2705[0],-2707[0],-2724[0],-2748[0],-2782[0],-2784[0],-2791[0],-2802-2805[0],-2808[0]
src/components/game/seaplaneSystem.ts: +218-225[0],+227[0],+325[0],+327-332[0],+356[0],+358-363[0] -218-222[0],-224-227[0],-229[0],-327[0],-329[0],-353[0],-355[0]
src/components/game/TopBar.tsx: +199-205[0] -12[0],-200-201[0]
src/components/game/vehicleSystems.ts: +399-401[0],+409[0],+411-414[0],+735-736[0],+738[0],+828-829[0],+844-845[0],+1303-1304[0],+1310[0],+1356[0] -399-400[0],-408[0],-410[0],-731[0],-733[0],-823[0],-838[0],-1296[0],-1302[0],-1348[0]
src/components/mobile/MobileTopBar.tsx: +171-174[0],+183-184[0] -14[0],-172[0],-181[0]

Conversations:

[0]: 89502e3b-54e6-42a2-abcf-4f7ae83c285b; 89502e3b; unknown;
